   15.225657979707091     
   9.4858568945901833     
   4.1230562526206613     
   0.0000000000000000     
   3.9534110696180913     
   6.8744672946388334     
   10.476835464722274     
   81.299935795724480     
   81.470454274880069     
   26.981486011165284     
   22.042123837461933     
   18.064709016595820     
   12.488610260146585     
   9.0137043297719845     
   6.7579143008264122     
   32.420968015210775     
   27.774807039948257     
   22.405464434831515     
   19.815046542884179     
   15.792705397194972     
   12.419058300930505     
   45.482425827310323     
   37.906712613329383     
   32.408831975320552     
   27.743561354397432     
   23.816702655820617     
   19.955519850349472     
   16.993738487635280     
   61.135763361559661     
   49.788014265352466     
   42.840341698624094     
   36.754797870420916     
   32.112372319057350     
   28.483098653718827     
   24.644336566108301     
   21.723235905808664     
   64.267386563281917     
   54.441614446772661     
   47.991956872957125     
   41.114111518173551     
   37.042058355792847     
   32.607890867625827     
   29.703792551091279     
   27.032064142408942     
   62.433098837956379     
   54.103890090721258     
   47.428287652870743     
   42.502714220976685     
   38.814330839848708     
   34.878069455109127     
   32.436230735292064     
   30.494413131318062     
   59.955138397107923     
   52.420198583776681     
   46.888812365649471     
   42.316334766843809     
   38.748099763695066     
   36.599950646100055     
   33.834972504235552     
   50.177414174120763     
   46.001058662119227     
   41.768088441197094     
   39.125887179873502     
